27 25 15 27 9 20 24 10 5 4 17 26 7 1 2 12 16 13 11 22 18 3 8 6 19 21 14 23
26 5 25 26 14 6 7 4 23 15 16 20 17 10 11 13 9 12 22 8 18 3 2 19 24 1 21
26 3 22 17 26 11 12 2 5 9 15 24 10 21 14 16 18 8 20 4 19 23 25 6 13 7 1
46 45 8 29 5 31 35 19 25 30 42 46 12 4 14 21 40 13 15 27 33 11 20 23 43 3 28 34 17 18 37 7 10 41 9 38 22 44 2 36 16 26 1 6 39 24 32
41 4 20 33 37 23 25 32 36 38 40 8 26 13 18 14 24 34 30 22 41 27 15 10 1 9 39 31 35 11 12 3 7 16 21 29 19 5 28 6 17 2
15 6 1 12 13 9 11 5 10 8 15 2 3 4 14 7
23 17 8 10 13 6 22 15 7 16 4 14 12 20 23 2 5 3 1 11 18 19 9 21
21 1 20 14 9 11 8 2 6 19 4 7 17 12 16 3 5 10 18 21 13 15
40 35 30 18 39 36 37 38 16 1 31 7 6 25 33 13 32 10 2 24 9 12 11 20 5 28 17 3 23 22 27 14 15 4 34 40 8 29 19 26 21
11 9 6 1 3 11 2 5 10 4 8 7
46 16 8 1 33 36 24 28 40 19 46 21 27 9 42 34 14 2 18 4 32 23 29 15 41 13 25 43 11 10 22 26 45 39 35 12 6 38 7 37 30 20 3 44 31 5 17
29 28 2 11 9 12 24 10 15 20 4 13 25 23 29 17 21 7 27 6 22 16 14 5 3 18 1 8 19 26
40 38 35 11 10 19 28 13 34 6 16 27 36 21 37 7 39 25 18 33 32 15 4 23 24 14 1 8 9 3 2 5 31 12 29 20 22 17 40 30 26
19 6 14 10 15 11 17 4 5 16 9 13 1 8 3 12 2 7 18 19
49 5 14 28 40 37 36 47 29 45 39 18 34 44 30 42 46 15 26 25 2 24 9 49 10 33 20 21 19 8 1 7 16 6 23 43 13 31 38 22 35 3 32 48 41 12 4 11 17 27
29 29 6 8 18 13 12 26 16 14 5 2 4 3 1 21 20 9 10 7 22 17 28 27 25 24 15 23 11 19
43 35 34 42 23 15 13 10 7 17 22 16 6 30 43 12 20 11 41 19 27 1 8 29 26 9 2 28 3 4 24 14 32 40 5 25 31 36 38 33 37 18 21 39
36 26 8 7 30 17 15 35 12 19 10 6 14 31 32 27 11 28 24 18 25 3 20 33 23 1 13 5 36 29 16 4 9 22 34 21 2
31 23 3 15 11 16 10 2 21 28 30 14 12 31 24 29 26 20 7 27 1 22 9 18 4 8 6 25 13 17 19 5
14 5 11 3 14 2 7 6 9 10 1 8 4 13 12
