4 3 15 6 5 1 14 5 3
5 16 6 1 7 20 0 3 0 1 6
11 10 4 20 7 7 17 14 1 12 13 10 9 2 6 6 0 0 9 0 0 3 5
2 18 17 3 10
9 3 19 14 1 7 3 7 17 8 1 3 11 0 1 1 0 1 4
4 2 14 6 3 1 5 3 2
11 1 9 9 19 4 20 1 7 14 3 4 0 6 2 9 2 15 0 0 10 2 0
6 2 10 19 16 3 1 1 8 14 3 1 0
9 9 17 5 13 20 19 1 15 16 5 13 3 6 15 6 0 10 1
2 1 17 0 6
6 11 9 6 15 7 3 6 8 0 4 0 1
7 6 9 6 19 19 6 18 3 6 5 15 8 3 14
6 13 16 20 14 19 14 11 0 4 12 0 13
2 20 8 9 6
2 7 14 2 6
2 19 10 0 2
4 10 3 7 2 5 1 3 1
4 6 19 14 1 3 13 11 0
6 9 19 2 5 13 11 7 3 0 0 7 9
5 12 9 19 11 1 8 8 6 3 0
