5 1 2 3 4 5
5 1 2 5 4 3
5 5 4 3 2 1
5 5 4 1 2 3
13 12 3 4 1 5 10 2 8 13 6 7 11 9
7 6 4 1 3 2 5 7
100 77 61 21 89 2 95 66 5 65 71 72 88 54 70 24 35 11 36 17 8 59 7 1 14 83 73 45 28 23 12 26 32 25 19 98 20 93 10 62 22 16 90 55 18 31 47 57 60 86 82 43 9 76 34 29 4 39 38 92 94 48 3 6 50 96 99 42 56 41 67 40 13 78 74 46 63 85 75 33 51 100 81 58 68 64 87 80 52 44 69 91 97 15 37 79 49 53 27 84 30
8 3 4 7 1 8 6 5 2
12 11 1 9 6 12 10 4 8 3 2 5 7
37 16 34 19 13 15 32 35 20 6 27 14 25 36 33 29 22 23 21 17 7 5 2 4 18 1 24 26 3 30 28 37 31 8 12 11 10 9
37 18 21 2 23 15 4 29 9 13 24 5 12 16 22 19 1 36 3 33 35 26 10 25 7 11 8 30 34 6 31 27 14 20 28 17 32 37
34 26 29 23 16 5 13 25 2 17 33 8 19 31 6 10 15 28 11 21 12 20 22 32 9 24 4 18 3 34 14 1 27 30 7
18 2 13 7 3 4 5 12 15 6 14 11 1 16 9 10 17 18 8
34 26 13 22 28 19 17 20 21 24 3 18 15 4 27 7 23 9 5 10 2 14 32 30 34 16 29 1 25 11 8 33 31 12 6
65 9 16 7 45 10 40 34 43 33 8 48 53 30 13 24 46 21 51 58 19 28 31 18 38 25 59 20 14 15 4 35 64 12 37 39 23 17 49 22 61 42 60 5 1 47 57 56 2 32 55 11 44 41 6 63 54 52 29 62 50 36 27 26 3 65
41 28 12 17 10 35 22 7 19 24 41 14 5 36 26 18 31 3 2 30 8 37 38 23 4 15 25 29 1 9 39 34 32 33 27 20 13 11 40 16 6 21
10 2 7 9 3 4 1 8 6 10 5
84 79 40 52 36 48 73 76 67 57 82 75 27 72 78 41 12 47 55 44 34 83 71 24 8 80 15 31 17 22 11 6 23 19 56 74 43 51 69 39 30 2 9 4 50 45 63 33 26 5 62 38 42 61 35 14 77 54 84 37 60 59 28 29 64 58 46 32 53 68 49 1 70 3 13 7 10 66 81 20 16 25 21 65 18
92 4 28 18 3 34 49 53 83 51 75 33 7 91 8 63 78 87 52 9 56 10 59 86 1 44 17 24 30 47 62 5 70 65 32 79 20 67 77 84 60 16 68 37 46 55 15 12 89 6 43 85 66 71 19 40 48 35 92 81 54 88 58 41 73 14 36 72 11 74 27 2 50 25 21 38 31 13 80 45 82 23 76 42 57 61 26 64 39 22 69 90 29
40 8 9 4 25 33 32 38 16 27 12 28 7 2 15 17 10 18 35 37 31 19 14 39 6 30 5 21 22 29 13 36 34 11 40 20 1 3 24 26 23
51 9 17 4 42 8 19 38 18 27 47 1 51 40 32 39 14 30 21 34 11 6 48 41 25 43 7 49 2 44 20 31 37 5 29 16 15 24 13 46 28 10 35 23 36 45 50 22 3 26 12 33
47 42 21 36 13 10 23 24 1 35 4 34 38 37 31 19 40 39 5 18 25 44 32 30 46 22 7 47 15 29 2 33 41 17 12 14 6 28 3 16 11 26 43 27 20 9 45 8
34 21 16 7 20 11 10 14 2 8 5 29 22 31 1 26 9 33 28 12 13 3 30 23 24 18 27 19 32 34 6 25 17 15 4
33 28 13 11 22 33 4 23 5 19 10 15 16 24 14 3 17 32 7 2 8 27 20 6 1 21 26 25 18 9 30 29 31 12
